file.3 <-
structure(c(24, 12.5, 16.5, 72, 35.5, 21.5, 47.5, 33, 43.5, 17, 
50.5, 45, 55, 69, 17.5, 78.5, 70, 78, 55, 64.5, 78.5, 35, 69.5, 
67.5, 36.5, 68, 51, 35, 44.5, 82, 16.5, 32, 66.5, 13.5, 50.5, 
29.5, 82, 51.5, 52.5, 63, 17.5, 58, 15.5, 15, 70.5, 57, 20, 35.5, 
15, 75.5, 48, 71.5, 66.5, 21.5, 78.5, 38.5, 71.5, 24.5, 74.5, 
75, 19.5, 53, 25, 62.5, 22, 16.5, 58.5, 39.5, 33, 78.5, 60, 50, 
68.5, 19.5, 14, 19.5, 37, 65, 30.5, 19.5, 17, 18.5, 62, 21.5, 
20.5, 67, 82.5, 75, 70.5, 32.5, 16.5, 81, 36, 29, 34, 51, 25, 
19.5, 39.5, 64, 37.5, 62.5, 17, 73.5, 28.5, 73, 19, 42.5, 37.5, 
39.5, 78.5, 31, 44, 74, 49, 74, 84.5, 65, 50, 66.5, 14.5, 32, 
58, 47.5, 60.5, 23.5, 35, 44, 44, 39, 28, 22, 47.5, 28.5, 64.5, 
40.5, 40.5, 12.5, 23.5, 28.5, 15, 19, 21, 55.5, 66.5, 75.5, 62.5, 
50, 41.5, 69, 33, 65, 13, 61, 30, 50.5, 36, 58, 44.5, 39, 68, 
59.5, 65.5, 55, 58, 52, 43, 72, 36.5, 55.5, 57, 34.5, 44.5, 54.5, 
51.5, 46, 82, 26, 80.5, 71.5, 21.5, 30, 13, 15, 25.5, 49.5, 44.5, 
48.5, 57.5, 80.5, 46.5, 40, 84.5, 41.5, 36.5, 45, 63.5, 78.5, 
60, 37, 19.5, 54, 62.5, 51, 62, 80.5, 41.5, 43, 21.5, 32, 64, 
30.5, 78.5, 76.5, 73, 60.5, 33.5, 49.5, 67.5, 60.5, 69, 58, 21.5, 
44, 49.5, 80, 34, 26, 61.5, 77, 52, 63, 84, 72, 76, 67.5, 57, 
82, 46.5, 51, 48.5, 23.5, 27, 71, 83, 33, 68, 82.5, 65, 26.5, 
29, 23, 74.5, 66.5, 40.5, 15.5, 38.5, 29.5, 69, 61, 39.5, 72.5, 
53, 20.5, 47, 39, 17.5, 56.5, 70.5, 64.5, 54.5, 33.5, 54.5, 40.5, 
33, 25.5, 29, 51.5, 31, 35, 40.5, 33, 16.5, 41, 20.5, 27.5, 26, 
51, 82, 30.5, 83.5, 31.5, 22, 25, 82, 32, 32, 83, 33, 12, 49, 
61.5, 12, 45.5, 24, 20, 23, 21, 77.5, 84, 40, 50.5, 63.5, 52.5, 
41, 45.5, 48, 39.5, 45.5, 82, 80, 70.5, 26, 72.5, 33, 36, 84.5, 
46, 39.5, 15.5, 24, 17, 16.5, 20.5, 18.5, 28.5, 83.5, 73.5, 82, 
12.5, 58, 78, 58, 59, 46.5, 22.5, 74.5, 40, 71, 18.5, 38.5, 12.5, 
78.5, 67.5, 61.5, 75, 79.5, 69.5, 82.5, 54, 30, 33, 63, 68, 43.5, 
32, 24.5, 68.5, 17, 78.5, 16.5, 57.5, 33.5, 21, 34, 75.5, 63, 
16, 66, 75, 55, 84, 32.5, 10.5, 51, 51, 65.5, 79.5, 78.5, 17, 
63, 27.5, 29, 38, 18.5, 21.5, 47.5, 54, 26.5, 18.5, 73.5, 75.5, 
16.5, 78, 65, 28, 15, 38.5, 56.5, 53, 43.5, 74.5, 48, 53.5, 43, 
53.5, 34, 11, 69.5, 75.5, 39, 79.5, 41.5, 55.5, 36, 82, 60.5, 
28.5, 20.5, 29, 78.5, 47.5, 37, 71, 55, 67.5, 84.5, 76, 35.5, 
74, 61, 56.5, 56, 14, 59.5, 57.5, 39, 81, 32, 12.5, 36.5, 48, 
79, 53, 61.5, 47, 83.5, 67.5, 67.5, 28.5, 37, 28, 25, 50, 46, 
44.5, 59, 84.5, 14, 35.5, 55.5, 59.5, 26, 30, 61, 84, 73, 73, 
56, 56.5, 29.5, 61.5, 27.5, 45, 60, 65, 29.5, 84.5, 54, 23, 78.5, 
72, 40, 32.5, 73, 23, 76, 23, 22.5, 58.5, 11.5, 37, 75.5, 50, 
20, 56, 23, 59, 17.5, 44, 32.5, 79.5, 21, 56.5, 66, 16, 56, 57.5, 
26.5, 53.5, 40, 66, 76.5, 74.5, 48.5, 48.5, 33, 29.5, 40, 64.5, 
35.5, 58, 33.5, 49, 44, 77.5, 28, 72.5, 29, 29.5, 44.5, 33.5, 
65, 18.5, 61.5, 73.5, 51, 74, 40, 35, 44.5, 59, 77.5, 74.5, 68, 
54, 73, 75.5, 17.5, 41, 27, 25, 58.5, 48, 53, 74, 78.5, 47, 65.5, 
43.5, 54, 27, 19, 35, 74, 25.5, 11.5, 12, 57, 12.5, 48.5, 19.5, 
42, 16.5, 62.5, 29.5, 42.5, 49, 72, 50, 42, 33, 30, 67.5, 70, 
36, 26, 41, 56, 37.5, 29, 60, 17.5, 77, 15.5, 32, 54, 62.5, 34, 
49, 79.5, 79.5, 79.5, 70, 79, 34, 78, 45, 70.5, 11, 11, 29.5, 
61, 41, 15.5, 20.5, 16.5, 24.5, 49, 23.5, 76, 24, 60, 56.5, 12.5, 
19.5, 61, 15, 59.5, 64.5, 78.5, 35, 17.5, 43.5, 29, 44, 49.5, 
48.5, 30.5, 77.5, 75.5, 10.5, 18.5, 27.5, 21.5, 65, 65, 47.5, 
71, 24.5, 54, 50.5, 76, 37, 67, 67.5, 72, 64, 63.5, 23, 56, 47.5, 
62, 39.5, 17, 23, 55, 16.5, 58, 53.5, 25, 78.5, 12, 26, 42, 66.5, 
76.5, 29.5, 14.5, 29, 32.5, 15, 55, 58.5, 24, 33, 60.5, 47, 35.5, 
53.5, 31, 11.5, 76.5, 22.5, 10.5, 45.5, 20, 12.5, 56.5, 43.5, 
62, 19, 32.5, 16, 26, 59.5, 60.5, 52.5, 39, 19, 68.5, 31, 51, 
40.5, 23.5, 45.5, 20.5, 30, 24, 70.5, 11.5, 49.5, 60.5, 71, 71.5, 
76.5, 18, 34, 65, 12, 59.5, 16.5, 21, 61.5, 74, 67, 13.5, 38, 
49, 63.5, 26, 48, 19.5, 36.5, 18.5, 22, 23, 70, 21.5, 77, 67, 
12, 35.5, 69, 45, 46, 65.5, 20, 47.5, 27.5, 18.5, 70.5, 26.5, 
73.5, 55.5, 14, 53, 37.5, 47.5, 54, 29, 61, 65.5, 39.5, 72, 17, 
46.5, 11.5, 55.5, 68, 47, 65.5, 28, 16.5, 35, 18, 66.5, 44.5, 
68, 25, 26, 64.5, 19, 35.5, 48, 59.5, 58.5, 68, 41, 68.5, 14, 
64, 32.5, 43.5, 18.5, 60, 37.5, 32.5, 42, 73, 66.5, 76, 13.5, 
62.5, 18, 33, 56, 29.5, 73, 30, 71, 18.5, 55.5, 20.5, 78, 39, 
23.5, 10.5, 53.5, 40.5, 47, 40.5, 56.5, 30.5, 77, 70.5, 63, 40.5, 
23, 19, 76, 44, 65, 72, 28.5, 31.5, 24, 57.5, 19.5, 26.5, 16, 
35.5, 67.5, 33.5, 68.5, 11.5, 19.5, 63, 16, 73, 71.5, 34.5, 29.5, 
11, 11.5, 28, 57, 73, 78.5, 43, 68.5, 17, 39, 75, 30, 64, 48.5, 
43.5, 44.5, 61.5, 14.5, 44, 14.5, 17, 47.5, 71.5, 57, 63, 73, 
67, 37.5, 15.5, 22.5, 65, 43, 32, 28, 26, 30, 20, 48.5, 37.5, 
57, 10.5, 57, 20.5, 55, 51.5, 52, 53, 12, 15.5, 45, 31.5, 32, 
38.5, 48, 18.5, 50.5, 78.5, 13.5, 12, 42, 58.5, 35, 29, 65, 46.5, 
19, 72, 41, 36, 36.5, 64.5, 45, 22.5, 48.5, 40.5, 71, 49, 66, 
39.5, 30.5, 46.5, 79.5, 48, 41, 40.5, 26.5, 74.5, 15.5, 41, 39, 
17.5, 16, 24, 35, 55.5, 12.5, 38.5, 48, 55, 74, 37, 30.5, 38.5, 
27.5, 26.5, 33.5, 79.5, 54, 53, 18.5, 55.5, 67, 22, 64, 57.5, 
74.5, 24, 14.5, 60.5, 68.5, 79, 55.5, 41.5, 35.5, 76, 63, 75, 
0, 0.56401449139853221, 0.54348037605258315, 0.7773980538248555, 
0.62505570122950693, 0.78988981549950998, 0.80355043205749555, 
0.50261347743193796, 0.77501287194216029, 0.77431002203615695, 
0.84437376149485965, 0, 0.67631378790520069, 0.61038417100703557, 
0.67654388863146608, 0, 0.61539950351810524, 0.63558095102213352, 
0.59448247689584033, 0.60854008869374732, 0, 0.56038214889859828, 
0, 0, 0.73310497629047999, 0.74249867210016229, 0.86320040320576608, 
0.88959775251173889, 0.88116854813524659, 0, 0.57719520440547278, 
0.607061784177647, 0.70527555146226861, 0.69227751747982946, 
0.78995112955603475, 0, 0, 0, 0.69632172578735452, 0.77780083528127286, 
0.817010893072455, 0.77065120977874579, 0.66370906565149035, 
0, 0.65581646097910939, 0, 0.7936999559918424, 0, 0.71971083773741396, 
0, 0.78339393232977539, 0.68102481479694743, 0, 0, 0, 0.60782128179197759, 
0, 0, 0, 0.52019805059643665, 0.50888916373246085, 0.63221205556865134, 
0.70452019235965346, 0.67854199500714141, 0.86998237545845958, 
0, 0, 0.72415823587551431, 0.51357254872928804, 0, 0.67524950683607543, 
0.82534549187808148, 0.63839141841675451, 0.65591526051059956, 
0.52112708360787141, 0.53964274615357732, 0.75945212912533244, 
0, 0.64579761462439744, 0, 0.86763231230229698, 0.53772754952439683, 
0.63257109635714293, 0, 0.69277649530366447, 0.64117502314685226, 
0, 0.75449766749638092, 0, 0.78063813816812255, 0.68913150439077819, 
0, 0.91756501629139164, 0.57470407341362473, 0, 0.84702479175231382, 
0.72429646469927034, 0.745153851890896, 0.50795499485968321, 
0.78994725520035658, 0.88166773980448399, 0.6495984810923896, 
0.50655807553621135, 0, 0.57643973019445549, 0, 0.83204538996604493, 
0, 1.1416634827804895, 0.70754712643600914, 0, 0, 0, 0.50604859421634685, 
0, 0.50152991849411011, 0, 0.78540327122270781, 0, 0, 0, 0.74382728003733412, 
0.60318083871836436, 0.85579223210589395, 0, 0.67402515810108254, 
0.73862874133058043, 0.84103697130230726, 0.67811107378230862, 
0.75372104802711493, 0, 0.6222040577991238, 0, 0.73862615722221425, 
0, 0.70363299548492486, 0, 0, 0.69006459926942676, 0.67363326051098571, 
0.52543331430069973, 0.63476722405163022, 0.5399795291952898, 
0.73983171745026766, 0.6617134201949999, 0.54197696447937482, 
0.67766601179628483, 0.75295517765473285, 1.0789737841961899, 
0, 0, 0.50054328475009269, 0, 0.80394168387180509, 0.54666869972665377, 
0, 0.52091138469257214, 0.69642094850351322, 0, 0.79034134228200714, 
0.61163112128776831, 0.64751499661388157, 0, 0.78261715924032771, 
0.52240469057071393, 0, 0, 0.61838952749145215, 0.52015401666922101, 
0.58156805884855234, 0.65744502004526939, 0.73689082432212039, 
0, 0.73549143567829189, 0.59897466373595276, 0.74544742229644934, 
